1.124993900000000124e+01 2.355905190000000005e+02 1.299805510000000197e+02 8.525630975129548972e+01 2.880342386182798720e+01 8.726608369507545149e+01 2.885891191529783484e+01
1.143711899999999915e+01 2.357697400000000130e+02 1.284409960000000126e+02 8.521472512498861818e+01 2.849639051910659049e+01 8.722277609181401203e+01 2.855207867859695980e+01
1.168152500000000060e+01 2.359216690000000085e+02 1.268347340000000116e+02 8.515885381116186181e+01 2.817776810900378948e+01 8.716534765224764669e+01 2.823383878975468164e+01
1.190344400000000036e+01 2.360894250000000056e+02 1.251963250000000016e+02 8.510880788541641095e+01 2.785021989036703971e+01 8.711363579811052205e+01 2.790655440928857445e+01
1.213131500000000074e+01 2.361353220000000022e+02 1.236352030000000042e+02 8.505486975232936686e+01 2.754784473213795337e+01 8.705904817301723142e+01 2.760453607865855474e+01
1.236672900000000119e+01 2.362536540000000116e+02 1.220648479999999978e+02 8.500067087061336224e+01 2.723501891751182313e+01 8.700357953344729367e+01 2.729202481692939486e+01
1.250242599999999982e+01 2.362726449999999829e+02 1.204038330000000059e+02 8.496841582418880989e+01 2.691386547273976504e+01 8.697100450064033339e+01 2.697086330062354520e+01
1.275762600000000013e+01 2.363498150000000066e+02 1.187795559999999995e+02 8.490866619706525853e+01 2.659142105637561571e+01 8.691030238582948186e+01 2.664876771675254119e+01
1.298300599999999960e+01 2.363026130000000080e+02 1.171170479999999969e+02 8.485344227081793633e+01 2.627210086034989800e+01 8.685520064527538864e+01 2.632973975166127900e+01
1.312978199999999873e+01 2.362910380000000146e+02 1.154568990000000070e+02 8.481788969105480192e+01 2.594868506982268741e+01 8.681956503614766518e+01 2.600631274431924922e+01
1.334607500000000080e+01 2.361951369999999883e+02 1.137465710000000030e+02 8.476376181489820283e+01 2.562093746020389062e+01 8.676597269929254708e+01 2.567879940660342086e+01
1.355257600000000018e+01 2.361351779999999962e+02 1.120309010000000001e+02 8.471275577397902623e+01 2.528683947007779764e+01 8.671520993363697016e+01 2.534485527005391248e+01
1.380792500000000089e+01 2.359230579999999975e+02 1.102947479999999985e+02 8.464654908881760775e+01 2.496027506814382946e+01 8.665045733013040774e+01 2.501866854762683445e+01
1.399444500000000069e+01 2.358183030000000144e+02 1.085727619999999973e+02 8.459926497276853752e+01 2.462504903910478049e+01 8.660381174546650129e+01 2.468350987559172793e+01
1.415224100000000007e+01 2.355733219999999903e+02 1.068238050000000072e+02 8.455564600597665503e+01 2.429524596634022870e+01 8.656204579718009029e+01 2.435374232176506837e+01
1.434807399999999866e+01 2.354223460000000046e+02 1.051520160000000033e+02 8.450494811569143394e+01 2.396993351424679730e+01 8.651235958018941119e+01 2.402852824893714612e+01
1.459640899999999952e+01 2.351286259999999970e+02 1.033208350000000024e+02 8.443817431259537898e+01 2.362235109434430669e+01 8.644772813880251761e+01 2.368121569908061375e+01
1.477513399999999955e+01 2.348514550000000156e+02 1.015103840000000019e+02 8.438846238317184145e+01 2.327548580797800781e+01 8.640011351828364639e+01 2.333437414277679167e+01
1.498809199999999997e+01 2.345245309999999961e+02 9.969599100000000647e+01 8.432916646997125554e+01 2.292923289300030376e+01 8.634329025315638262e+01 2.298825374794975218e+01
1.515196499999999880e+01 2.341606829999999775e+02 9.786698700000000883e+01 8.428071054849328902e+01 2.258083741204205808e+01 8.629769177754928933e+01 2.263983307660731370e+01
1.537839300000000087e+01 2.337414389999999855e+02 9.601368499999999528e+01 8.421557588123779681e+01 2.222871524465051252e+01 8.623580240263743235e+01 2.228787136854958817e+01
1.550012400000000135e+01 2.333474119999999914e+02 9.426133400000000506e+01 8.417629131931232678e+01 2.189361075527048328e+01 8.619970518227972889e+01 2.195261549511712573e+01
1.573110900000000001e+01 2.329249670000000094e+02 9.242335099999999670e+01 8.410957609644584920e+01 2.153912183903930710e+01 8.613626867588885716e+01 2.159824916295735520e+01
1.586211899999999986e+01 2.324110440000000040e+02 9.053873300000000768e+01 8.406468857473153378e+01 2.118008495045932094e+01 8.609560181106633081e+01 2.123905334713109028e+01
1.600117799999999946e+01 2.318658410000000174e+02 8.855571199999999976e+01 8.401684115148850651e+01 2.079908027451462971e+01 8.605224856363167873e+01 2.085785601818053792e+01
1.619728700000000288e+01 2.313016360000000020e+02 8.666181899999999416e+01 8.395430932037788807e+01 2.043470531727574624e+01 8.599430553123198706e+01 2.049347458757417684e+01
1.636487900000000195e+01 2.306923429999999939e+02 8.476368100000000538e+01 8.389730385130684454e+01 2.006974826419096303e+01 8.594234286720565308e+01 2.012842494512814895e+01
1.653359200000000229e+01 2.300680220000000133e+02 8.285586000000000695e+01 8.383933345416210159e+01 1.970023811643305933e+01 8.588956645757052399e+01 1.975879564737111593e+01
1.673020900000000211e+01 2.294111050000000205e+02 8.095634699999999384e+01 8.377329647411306723e+01 1.933116645877706574e+01 8.582898812822590173e+01 1.938967237795085552e+01
1.687471800000000144e+01 2.286745190000000036e+02 7.897503299999999626e+01 8.371762139226251520e+01 1.894662860722620934e+01 8.577958731510655355e+01 1.900491141292870267e+01
1.697753499999999960e+01 2.278655550000000005e+02 7.701311100000000920e+01 8.366995722537035363e+01 1.856800070921392987e+01 8.573894750054932956e+01 1.862597165405750843e+01
1.710403700000000171e+01 2.270987829999999974e+02 7.504570400000000063e+01 8.361723569138297307e+01 1.818047300776201070e+01 8.569287675603737853e+01 1.823812379035630116e+01
1.727845500000000101e+01 2.262775310000000104e+02 7.306134600000000034e+01 8.355065134674227068e+01 1.778834121071473007e+01 8.563339266413282758e+01 1.784578376047160475e+01
1.743520799999999937e+01 2.254632059999999854e+02 7.104002599999999745e+01 8.348822942327808505e+01 1.738283571586888954e+01 8.557808260801745348e+01 1.743994876763176549e+01
1.762624900000000139e+01 2.244985090000000127e+02 6.903107300000000635e+01 8.341236961968519381e+01 1.698581216258159188e+01 8.551069559317774349e+01 1.704274943172248769e+01
1.769304200000000193e+01 2.235558869999999843e+02 6.698978900000000181e+01 8.336794778563354669e+01 1.657566148136421091e+01 8.547483192487129600e+01 1.663202027606317657e+01
1.778245300000000029e+01 2.225589589999999873e+02 6.495542999999999267e+01 8.331579940594690470e+01 1.616546589483960972e+01 8.543177392864578223e+01 1.622129861326788713e+01
1.798050699999999935e+01 2.215418990000000008e+02 6.289338099999999798e+01 8.323487721174177523e+01 1.574381944564047053e+01 8.536000163993276146e+01 1.579933405404482549e+01
1.809750400000000070e+01 2.204787110000000041e+02 6.083374299999999835e+01 8.317258290160401657e+01 1.532084014484832757e+01 8.530752331293518864e+01 1.537581422446441692e+01
1.826047300000000106e+01 2.193976159999999993e+02 5.880190899999999488e+01 8.309731187752858261e+01 1.489963502727204059e+01 8.524223564874750991e+01 1.495415338682742679e+01
1.838948099999999997e+01 2.182242060000000095e+02 5.668750000000000000e+01 8.302718166241083964e+01 1.445855331176802849e+01 8.518313665669842294e+01 1.451246977146466577e+01
1.848179400000000072e+01 2.170094180000000108e+02 5.461636700000000388e+01 8.296452779064286176e+01 1.402450879855737043e+01 8.513210222687627038e+01 1.407773714093342043e+01
1.856376099999999951e+01 2.157097810000000209e+02 5.249948299999999790e+01 8.290112797767689301e+01 1.357775388830544827e+01 8.508130335401075683e+01 1.363022267677598620e+01
1.865063699999999969e+01 2.143871640000000127e+02 5.036203600000000336e+01 8.283492599826251990e+01 1.312010257048899753e+01 8.502806437406582063e+01 1.317174717247256055e+01
1.876098900000000214e+01 2.130557990000000075e+02 4.826577199999999834e+01 8.276141478368548121e+01 1.266593149610586266e+01 8.496770314837301896e+01 1.271676955805166820e+01
1.888234200000000129e+01 2.117095960000000048e+02 4.613027400000000000e+01 8.268356749715121623e+01 1.219520245071289644e+01 8.490328534459814591e+01 1.224514701966075414e+01
1.896101799999999926e+01 2.102990940000000251e+02 4.402044899999999927e+01 8.261395032870188970e+01 1.172725570032285347e+01 8.484801983724020147e+01 1.177619934126790646e+01
1.906171000000000149e+01 2.087501200000000097e+02 4.182980299999999829e+01 8.253258407499276927e+01 1.123734238754000359e+01 8.478258931229294149e+01 1.128524653134583033e+01
1.912848199999999821e+01 2.072243410000000097e+02 3.969860999999999507e+01 8.246008449768828541e+01 1.075336069555845597e+01 8.472608175591160773e+01 1.080010522687547159e+01
1.920541800000000165e+01 2.056388320000000078e+02 3.754476100000000116e+01 8.238156657004140015e+01 1.025749831578936977e+01 8.466439937572624785e+01 1.030301384983909685e+01
1.927740200000000215e+01 2.040013569999999845e+02 3.539735499999999746e+01 8.230128631340932088e+01 9.756668948709403821e+00 8.460178265609322068e+01 9.800875709848940076e+00
1.928448000000000206e+01 2.023701580000000035e+02 3.316961799999999982e+01 8.223801676814133543e+01 9.224522846181894664e+00 8.455654468971300730e+01 9.267088241209153310e+00
1.936797800000000080e+01 2.006524620000000141e+02 3.102575600000000122e+01 8.214899111259984466e+01 8.708593048340548037e+00 8.448660570383924551e+01 8.749680848173136738e+00
1.940620799999999946e+01 1.987843269999999904e+02 2.884279800000000193e+01 8.206533245869184157e+01 8.177805076050558952e+00 8.442420043286603004e+01 8.217243426958155794e+00
1.946317000000000164e+01 1.969946620000000053e+02 2.664239800000000002e+01 8.197793239599651827e+01 7.627713163590642331e+00 8.435746105966080677e+01 7.665317259635648028e+00
1.951731000000000193e+01 1.950438919999999996e+02 2.439569200000000038e+01 8.188317040610957065e+01 7.058717547924666214e+00 8.428564887389330806e+01 7.094347747294222017e+00
1.953644500000000050e+01 1.931222450000000208e+02 2.222041499999999914e+01 8.179793515441610907e+01 6.496961040367352780e+00 8.422355104246128121e+01 6.530481891450356180e+00
1.958332099999999798e+01 1.911023669999999868e+02 2.002150000000000318e+01 8.169867875046725203e+01 5.918752160469833434e+00 8.414900708348388036e+01 5.950036328575703415e+00
1.958990400000000065e+01 1.890946180000000254e+02 1.776538699999999693e+01 8.160983327698522771e+01 5.310055830532148136e+00 8.408534737495871525e+01 5.338761817114757946e+00
1.956130600000000186e+01 1.869052130000000034e+02 1.556733400000000067e+01 8.152155018515476570e+01 4.709377902503953273e+00 8.402523456720319928e+01 4.735430075748912060e+00
1.958017800000000008e+01 1.846849280000000135e+02 1.336119600000000140e+01 8.141540553795391588e+01 4.091704741767220099e+00 8.394814501289238251e+01 4.114923622320064922e+00
1.958092999999999861e+01 1.824426679999999976e+02 1.111639399999999966e+01 8.131126872796494354e+01 3.446853597704352623e+00 8.387409502610671552e+01 3.466910622192591163e+00
1.960187300000000121e+01 1.801228640000000212e+02 8.905810000000000670e+00 8.119460089178744511e+01 2.797260777667516241e+00 8.378922692227962443e+01 2.813981823717335295e+00
1.959963100000000225e+01 1.777413459999999930e+02 6.647618999999998834e+00 8.107921014232232437e+01 2.116008332333946473e+00 8.370738749857390815e+01 2.129000909476539416e+00
1.954812700000000092e+01 1.752807099999999991e+02 4.425093000000000387e+00 8.097245403680301479e+01 1.428261558068209647e+00 8.363640192280269048e+01 1.437260987830548231e+00
1.950380699999999834e+01 1.727943410000000029e+02 2.180530000000000523e+00 8.085906403145054355e+01 7.138091244102784394e-01 8.356011275246255821e+01 7.184282066178779846e-01
1.941632099999999994e+01 1.701432320000000118e+02 -4.246399999999983521e-02 8.074779024678554151e+01 -1.411372568537183972e-02 8.348971189665923021e+01 -1.420755138083213721e-02
1.941410100000000227e+01 1.674617750000000171e+02 -2.281613000000000113e+00 8.060300252067725069e+01 -7.701146659871633826e-01 8.338713267914340577e+01 -7.753956559237817903e-01
1.937584399999999718e+01 1.647502690000000030e+02 -4.429524000000000683e+00 8.046410874657220802e+01 -1.518829050818135462e+00 8.329240679276205128e+01 -1.529563402329989330e+00
1.933503499999999775e+01 1.619701139999999953e+02 -6.738002999999999965e+00 8.031753776288553581e+01 -2.348251820501692233e+00 8.319258210815075927e+01 -2.365372666461687423e+00
1.926352299999999929e+01 1.590828480000000127e+02 -8.854953999999999326e+00 8.017022543348412000e+01 -3.139262932213876756e+00 8.309560447247810089e+01 -3.162883510353588168e+00
1.918467700000000065e+01 1.561361380000000167e+02 -1.113021499999999975e+01 8.001649187823829834e+01 -4.015912374059814383e+00 8.299509441001532650e+01 -4.047117070759148838e+00
1.904289699999999641e+01 1.530646820000000048e+02 -1.329833999999999961e+01 7.987173054026322916e+01 -4.888418582975098126e+00 8.290822630309743602e+01 -4.927619788866429928e+00
1.891727799999999959e+01 1.499883539999999869e+02 -1.547724900000000048e+01 7.971487566965799942e+01 -5.797463041251588400e+00 8.281152755301616253e+01 -5.845494962310128884e+00
1.880326900000000023e+01 1.467072509999999852e+02 -1.758836200000000005e+01 7.953297064225756685e+01 -6.723707263631231612e+00 8.269629722745162326e+01 -6.781467228099678834e+00
1.861854399999999998e+01 1.434044670000000110e+02 -1.980449999999999733e+01 7.936868637686103511e+01 -7.729623419598209644e+00 8.260253209011438003e+01 -7.798311962355522375e+00
1.847668099999999924e+01 1.400056449999999870e+02 -2.191827699999999979e+01 7.917268702137540970e+01 -8.741666221467893294e+00 8.248206440244086934e+01 -8.822318719780065877e+00
1.831361399999999762e+01 1.364905200000000036e+02 -2.400422199999999862e+01 7.896661492586612496e+01 -9.793688951147897725e+00 8.235798088515497284e+01 -9.887621230926127325e+00
1.812634599999999807e+01 1.329821330000000046e+02 -2.606902299999999784e+01 7.876054614557466493e+01 -1.088368336068925402e+01 8.223804077223849163e+01 -1.099213795129128535e+01
1.794558100000000067e+01 1.292090469999999982e+02 -2.812719299999999834e+01 7.851801148656130636e+01 -1.204244623203610054e+01 8.209288949008850977e+01 -1.216770942707163350e+01
1.775480500000000106e+01 1.254713969999999961e+02 -3.016513100000000236e+01 7.826894662778391876e+01 -1.324587778774849589e+01 8.194584582023288988e+01 -1.338966394412786443e+01
1.751056600000000074e+01 1.216171109999999942e+02 -3.222238699999999767e+01 7.801800823516549599e+01 -1.453003724357658122e+01 8.180679729236334197e+01 -1.469464261883204692e+01
1.726044600000000173e+01 1.175554949999999934e+02 -3.410289900000000074e+01 7.773294415644841138e+01 -1.582680407527221611e+01 8.164705585000371002e+01 -1.601469823973041073e+01
1.697801800000000227e+01 1.135402689999999950e+02 -3.608293199999999956e+01 7.744866631291597514e+01 -1.723408330518992670e+01 8.149540405077370053e+01 -1.744814353945543672e+01
1.680464999999999876e+01 1.092680040000000048e+02 -3.789015600000000461e+01 7.706067809701693250e+01 -1.867311403441023288e+01 8.125681495654737319e+01 -1.891832937857398989e+01
1.648817100000000124e+01 1.049499849999999981e+02 -3.977582300000000259e+01 7.671083466427010933e+01 -2.024645678659558357e+01 8.107152477327561257e+01 -2.052617745251706083e+01
1.612446500000000071e+01 1.004600719999999967e+02 -4.153449700000000178e+01 7.633503019112991694e+01 -2.188729241142945625e+01 8.088144580893742841e+01 -2.220616509271439654e+01
1.574423400000000228e+01 9.587033700000000636e+01 -4.319509599999999949e+01 7.592065046422294472e+01 -2.360641553174237828e+01 8.067388959583246333e+01 -2.397002592657523934e+01
1.531647200000000097e+01 9.118711600000000317e+01 -4.484408799999999928e+01 7.548004825392054329e+01 -2.545788963119167647e+01 8.046517519335316138e+01 -2.587278510845318991e+01
1.498760199999999898e+01 8.631974999999999909e+01 -4.632423500000000161e+01 7.490201335281489037e+01 -2.739021371160103158e+01 8.014999688459931804e+01 -2.786754378191737658e+01
1.459591299999999947e+01 8.130290700000000470e+01 -4.782745899999999750e+01 7.427211799517716884e+01 -2.952018839665579009e+01 7.982238396052407836e+01 -3.007110371037348173e+01
1.423170600000000263e+01 7.613515099999999336e+01 -4.917587400000000741e+01 7.351422073427781356e+01 -3.177198064971233649e+01 7.941207031089231805e+01 -3.241167967310173026e+01
1.371198000000000050e+01 7.075177200000000255e+01 -5.038790499999999639e+01 7.271826712879148147e+01 -3.421679097651274759e+01 7.903181852178551026e+01 -3.496006546690445305e+01
1.322360300000000066e+01 6.525405200000000150e+01 -5.142154899999999884e+01 7.174521397946591605e+01 -3.680978720661384784e+01 7.854425833150264680e+01 -3.767970422353609905e+01
1.257587799999999945e+01 5.968225600000000242e+01 -5.238799199999999701e+01 7.072099711985785575e+01 -3.964370060235826543e+01 7.810105339185764706e+01 -4.065996094314638043e+01
1.203341600000000078e+01 5.392312800000000550e+01 -5.320881500000000131e+01 6.933946679645319477e+01 -4.271605393995284317e+01 7.742007035092791511e+01 -4.392208696573243287e+01
1.142213099999999848e+01 4.798924300000000187e+01 -5.380442800000000148e+01 6.765881652197310814e+01 -4.604109132117040559e+01 7.661188539037607370e+01 -4.748428277806451092e+01
1.081141100000000144e+01 4.180976299999999668e+01 -5.420094300000000231e+01 6.543466897864340126e+01 -4.969697152468852863e+01 7.550170697389120278e+01 -5.145366756772205719e+01
1.011403699999999972e+01 3.553521399999999630e+01 -5.432602099999999723e+01 6.260720438756288786e+01 -5.362033334324063105e+01 7.411258032179625843e+01 -5.578081933696355321e+01
9.314414000000001082e+00 2.910191100000000120e+01 -5.422974600000000578e+01 5.881488204532678310e+01 -5.790058957898204284e+01 7.225210934834086629e+01 -6.060057847384518226e+01
8.502762999999999849e+00 2.259387699999999910e+01 -5.379866900000000385e+01 5.336231366171531931e+01 -6.237347040354144667e+01 6.937715497352229477e+01 -6.583300342187239096e+01
7.597098000000000795e+00 1.589364199999999983e+01 -5.302354500000000570e+01 4.499377132419010650e+01 -6.702537748127987527e+01 6.445238490602542925e+01 -7.162196849706238311e+01
6.769552000000000902e+00 9.150289000000000783e+00 -5.196146199999999737e+01 3.126628226382581488e+01 -7.125837962730365405e+01 5.350528339888175111e+01 -7.764445927683838988e+01
5.831271000000000981e+00 2.385944000000002063e+00 -5.038849899999999593e+01 9.583516337336931201e+00 -7.412341739961988196e+01 2.225259274857623737e+01 -8.287280099478432760e+01
4.875486999999999682e+00 -4.277999000000001217e+00 -4.849137300000000295e+01 -1.798829249175662426e+01 -7.405686597735292764e+01 -4.126535239995900639e+01 -8.238126899039082218e+01
3.819340999999999653e+00 -1.096552100000000252e+01 -4.607389899999999727e+01 -4.213864227475426105e+01 -7.046882769016660575e+01 -7.079653969686881965e+01 -7.585477521135283041e+01
2.739373000000000502e+00 -1.749947399999999931e+01 -4.322537300000000471e+01 -5.775462027661023967e+01 -6.442109765533440680e+01 -8.110310471625706441e+01 -6.771750992080841058e+01
1.656096999999999042e+00 -2.395127799999999851e+01 -3.997573299999999819e+01 -6.742826035370262616e+01 -5.702258278694417726e+01 -8.604461258284180758e+01 -5.901198441565183117e+01
5.993469999999998521e-01 -3.010078200000000237e+01 -3.627300100000000072e+01 -7.352959717795255301e+01 -4.912878203890623041e+01 -8.885931480210912525e+01 -5.030717956337166186e+01
-5.365679999999990457e-01 -3.592801799999999446e+01 -3.219295799999999730e+01 -7.780682622617371180e+01 -4.121274270932885031e+01 -9.085562182919659335e+01 -4.185845060542230556e+01
-1.668487999999999971e+00 -4.136858699999999800e+01 -2.792051299999999969e+01 -8.089279200849493634e+01 -3.367998525407277555e+01 -9.230961563580478924e+01 -3.399463787490538635e+01
